6 21  6.505323 0.972567 3.513375 8.041602
1 130 1.117875e+00 1.628689e-01 -3.595885e-02 1.234941e+00 1.946746e-06 2.836313e-07 -6.262127e-08 2.150613e-06
2 -211 7.172506e-01 -1.083381e-01 5.709723e-02 7.408950e-01 0.000000e+00 0.000000e+00 0.000000e+00 0.000000e+00
3 -211 6.099928e-01 1.994484e-01 9.033281e-02 6.629560e-01 0.000000e+00 0.000000e+00 0.000000e+00 0.000000e+00
4 -211 4.566880e-01 -6.371019e-02 3.451694e-01 5.926590e-01 0.000000e+00 0.000000e+00 0.000000e+00 0.000000e+00
5 211 1.645351e+00 2.548805e-01 1.200377e+00 2.057311e+00 0.000000e+00 0.000000e+00 0.000000e+00 0.000000e+00
6 211 1.958166e+00 5.274175e-01 1.856357e+00 2.752839e+00 0.000000e+00 0.000000e+00 0.000000e+00 0.000000e+00
8 21  -0.701691 5.228148 0.203146 6.149913
1 -211 -1.164663e-02 1.721907e-02 2.036457e-02 1.425715e-01 -9.653795e-08 -1.068706e-07 6.876226e-08 2.634910e-07
2 -321 -4.432168e-01 9.467520e-01 -3.415566e-01 1.205471e+00 0.000000e+00 0.000000e+00 0.000000e+00 0.000000e+00
3 -211 -5.501594e-01 8.818710e-01 -1.037240e-01 1.053855e+00 -5.255760e+01 6.614735e+01 -2.006011e+01 9.178467e+01
4 -211 1.167413e-01 1.723834e-01 -1.198510e-02 2.509343e-01 0.000000e+00 0.000000e+00 0.000000e+00 0.000000e+00
5 -211 -7.685142e-03 6.348848e-01 -1.805896e-01 6.747075e-01 0.000000e+00 0.000000e+00 0.000000e+00 0.000000e+00
6 -211 -5.012726e-02 1.996536e-01 -3.195258e-04 2.487050e-01 0.000000e+00 0.000000e+00 0.000000e+00 0.000000e+00
7 211 -7.280995e-02 4.056759e-01 2.048638e-01 4.809607e-01 2.636043e+00 2.562003e+01 8.854538e+00 2.775865e+01
8 -211 3.172131e-01 1.969708e+00 6.160926e-01 2.092707e+00 2.636043e+00 2.562003e+01 8.854538e+00 2.775865e+01
